470.6812438964844
461.7906799316406
453.9920959472656
450.0728454589844
438.925048828125
435.2093811035156
425.3802795410156
414.1103515625
405.71099853515625
395.9132385253906
383.15679931640625
376.81207275390625
371.8129577636719
357.0711364746094
347.8051452636719
339.68719482421875
331.1907653808594
320.9456481933594
311.59063720703125
306.01287841796875
301.7329406738281
296.8431091308594
288.5867614746094
284.5633239746094
276.92742919921875
266.75799560546875
259.07745361328125
249.87484741210938
246.1975555419922
240.18832397460938
231.11544799804688
230.0026397705078
224.57675170898438
220.4703369140625
217.75698852539062
218.5929718017578
216.5605010986328
212.1197052001953
210.0640411376953
208.8773193359375
207.8436737060547
209.98117065429688
206.1514434814453
205.3418426513672
208.0572509765625
205.81265258789062
205.99490356445312
204.77066040039062
204.59645080566406
202.37815856933594
202.3215789794922
202.73892211914062
204.0899200439453
202.64598083496094
202.22653198242188
200.7180633544922
200.0003204345703
201.48751831054688
201.29727172851562
198.885498046875
199.50979614257812
199.0060577392578
199.8700714111328
200.3271026611328
199.9764404296875
199.39517211914062
199.327880859375
199.906005859375
199.7979278564453
199.1665496826172
198.21832275390625
198.3664093017578
200.11837768554688
197.8309783935547
197.00076293945312
196.91854858398438
196.3770294189453
197.4968719482422
196.9389190673828
196.57394409179688
194.2266082763672
195.03195190429688
194.31201171875
197.99513244628906
197.73782348632812
195.1764373779297
194.6130828857422
194.68296813964844
195.29161071777344
195.92298889160156
195.81089782714844
196.20626831054688
195.62841796875
198.55284118652344
196.75244140625
197.3715057373047
196.8738250732422
195.12063598632812
196.70071411132812
195.26133728027344
